****
2.44867 0.005939 -0.080354
2.49522 0.005939 -0.071871
2.46885 0.005939 0.072855
2.4223 0.005939 0.064373
2.45775 0.32187 -0.011425
2.46241 0.32187 -0.010575
2.45977 0.32187 0.003926
2.45511 0.32187 0.003076
2.46168 0.15576 -0.072112
2.48014 0.15576 -0.068749
2.46968 0.15576 -0.011378
2.45123 0.15576 -0.014741
2.28958 0.005939 0.104518
2.26529 0.005939 0.063903
2.39156 0.005939 -0.011588
2.41584 0.005939 0.029027
2.36894 0.291011 0.03323
2.36651 0.291045 0.029158
2.37846 0.286227 0.021995
2.38089 0.286193 0.026067
2.32558 0.133593 0.067461
2.31596 0.133683 0.051356
2.36473 0.120647 0.022161
2.37435 0.120556 0.038266
2.34691 0.218239 0.050506
2.34093 0.218322 0.040456
2.3694 0.206362 0.023358
2.37538 0.20628 0.033408
2.44867 0.005939 -0.080354
2.49522 0.005939 -0.071871
2.46885 0.005939 0.072855
2.4223 0.005939 0.064373
2.45775 0.32187 -0.011425
2.46241 0.32187 -0.010575
2.45977 0.32187 0.003926
2.45511 0.32187 0.003076
2.46168 0.15576 -0.072112
2.48014 0.15576 -0.068749
2.46968 0.15576 -0.011378
2.45123 0.15576 -0.014741
2.47258 0.005939 -0.20899
2.49611 0.005939 -0.167929
2.36846 0.005939 -0.094802
2.34494 0.005939 -0.135863
2.41772 0.281071 -0.153023
2.42008 0.281071 -0.148909
2.40741 0.278981 -0.141656
2.40506 0.278981 -0.14577
2.47467 0.090367 -0.193727
2.48399 0.090367 -0.17745
2.43339 0.090367 -0.148462
2.42407 0.090367 -0.164739
2.41911 0.212968 -0.158412
2.42543 0.212968 -0.147379
2.39147 0.207363 -0.127929
2.38515 0.207363 -0.138962
****
1.86709 0.005939 -0.428397
1.82952 0.005939 -0.399624
1.74007 0.005939 -0.516415
1.77764 0.005939 -0.545188
1.80995 0.32187 -0.467997
1.80618 0.32187 -0.465114
1.79722 0.32187 -0.476816
1.80098 0.32187 -0.479699
1.85224 0.15576 -0.424299
1.83735 0.15576 -0.412893
1.80189 0.15576 -0.45919
1.81678 0.15576 -0.470596
1.83711 0.005939 -0.670448
1.88351 0.005939 -0.661134
1.85455 0.005939 -0.516902
1.80816 0.005939 -0.526216
1.83656 0.291011 -0.56377
1.84121 0.291045 -0.562831
1.83849 0.286227 -0.54917
1.83384 0.286193 -0.550109
1.84035 0.133593 -0.618883
1.85874 0.133683 -0.615181
1.84759 0.120647 -0.559447
1.8292 0.120556 -0.563149
1.83857 0.218239 -0.59169
1.85003 0.218322 -0.589366
1.84357 0.206362 -0.556797
1.8321 0.20628 -0.559121
1.86709 0.005939 -0.428397
1.82952 0.005939 -0.399624
1.74007 0.005939 -0.516415
1.77764 0.005939 -0.545188
1.80995 0.32187 -0.467997
1.80618 0.32187 -0.465114
1.79722 0.32187 -0.476816
1.80098 0.32187 -0.479699
1.85224 0.15576 -0.424299
1.83735 0.15576 -0.412893
1.80189 0.15576 -0.45919
1.81678 0.15576 -0.470596
1.94627 0.005939 -0.324237
1.90006 0.005939 -0.334413
1.93169 0.005939 -0.478081
1.97791 0.005939 -0.467905
1.9417 0.281071 -0.402476
1.93707 0.281071 -0.403496
1.94021 0.278981 -0.417745
1.94484 0.278981 -0.416726
1.93357 0.090367 -0.332949
1.91525 0.090367 -0.336982
1.92779 0.090367 -0.393933
1.94611 0.090367 -0.3899
1.94476 0.212968 -0.397828
1.93234 0.212968 -0.400562
1.94076 0.207363 -0.438774
1.95317 0.207363 -0.43604
****
2.51143 0.005939 -0.641672
2.53212 0.005939 -0.684229
2.66442 0.005939 -0.619903
2.64373 0.005939 -0.577345
2.58026 0.32187 -0.631878
2.58233 0.32187 -0.636142
2.59559 0.32187 -0.629697
2.59351 0.32187 -0.625432
2.52286 0.15576 -0.65199
2.53107 0.15576 -0.66886
2.58351 0.15576 -0.64336
2.57531 0.15576 -0.62649
2.64669 0.005939 -0.438718
2.60104 0.005939 -0.426254
2.56229 0.005939 -0.568169
2.60794 0.005939 -0.580633
2.59938 0.291011 -0.534331
2.5948 0.291045 -0.533088
2.59112 0.286227 -0.546521
2.59569 0.286193 -0.547765
2.62069 0.133593 -0.483362
2.60259 0.133683 -0.478432
2.58759 0.120647 -0.533256
2.60568 0.120556 -0.538186
2.61009 0.218239 -0.508471
2.5988 0.218322 -0.505411
2.58999 0.206362 -0.537426
2.60128 0.20628 -0.540486
2.51143 0.005939 -0.641672
2.53212 0.005939 -0.684229
2.66442 0.005939 -0.619903
2.64373 0.005939 -0.577345
2.58026 0.32187 -0.631878
2.58233 0.32187 -0.636142
2.59559 0.32187 -0.629697
2.59351 0.32187 -0.625432
2.52286 0.15576 -0.65199
2.53107 0.15576 -0.66886
2.58351 0.15576 -0.64336
2.57531 0.15576 -0.62649
2.39396 0.005939 -0.699306
2.43984 0.005939 -0.710918
2.47594 0.005939 -0.568306
2.43006 0.005939 -0.556694
2.43311 0.281071 -0.63141
2.43771 0.281071 -0.632574
2.44129 0.278981 -0.618429
2.43669 0.278981 -0.617265
2.40922 0.090367 -0.697211
2.42741 0.090367 -0.701814
2.44172 0.090367 -0.645282
2.42354 0.090367 -0.640679
2.42829 0.212968 -0.634195
2.44062 0.212968 -0.637315
2.45022 0.207363 -0.599384
2.43789 0.207363 -0.596264
****
2.74897 0.005939 0.097044
2.79562 0.005939 0.089115
2.82027 0.005939 0.234144
2.77362 0.005939 0.242074
2.78105 0.32187 0.158726
2.78572 0.32187 0.157931
2.78819 0.32187 0.172462
2.78352 0.32187 0.173257
2.76401 0.15576 0.100345
2.78251 0.15576 0.097202
2.79228 0.15576 0.154693
2.77379 0.15576 0.157836
2.6626 0.005939 0.32514
2.6259 0.005939 0.295263
2.71878 0.005939 0.181182
2.75548 0.005939 0.21106
2.71283 0.291011 0.23103
2.70916 0.291045 0.228033
2.71794 0.286227 0.217219
2.72162 0.286193 0.220217
2.68377 0.133593 0.278013
2.66923 0.133683 0.266162
2.7051 0.120647 0.222064
2.71964 0.120556 0.233916
2.69804 0.218239 0.254791
2.68898 0.218322 0.247389
2.70989 0.206362 0.221596
2.71895 0.20628 0.228998
2.74897 0.005939 0.097044
2.79562 0.005939 0.089115
2.82027 0.005939 0.234144
2.77362 0.005939 0.242074
2.78105 0.32187 0.158726
2.78572 0.32187 0.157931
2.78819 0.32187 0.172462
2.78352 0.32187 0.173257
2.76401 0.15576 0.100345
2.78251 0.15576 0.097202
2.79228 0.15576 0.154693
2.77379 0.15576 0.157836
2.7275 0.005939 -0.032023
2.76364 0.005939 -0.001468
2.66865 0.005939 0.110863
2.63251 0.005939 0.080308
2.69506 0.281071 0.039318
2.69868 0.281071 0.04238
2.68926 0.278981 0.053521
2.68564 0.278981 0.050459
2.73468 0.090367 -0.018391
2.749 0.090367 -0.006279
2.71135 0.090367 0.03825
2.69703 0.090367 0.026137
2.69452 0.212968 0.03378
2.70423 0.212968 0.041989
2.67896 0.207363 0.071867
2.66926 0.207363 0.063657
****
2.20063 0.005939 -0.302936
2.15538 0.005939 -0.316752
2.19833 0.005939 -0.457452
2.24359 0.005939 -0.443635
2.19959 0.32187 -0.372453
2.19506 0.32187 -0.373837
2.19936 0.32187 -0.387935
2.2039 0.32187 -0.38655
2.18866 0.15576 -0.312629
2.17072 0.15576 -0.318106
2.18775 0.15576 -0.373881
2.20569 0.15576 -0.368404
2.38006 0.005939 -0.468143
2.39948 0.005939 -0.42499
2.26532 0.005939 -0.364626
2.24591 0.005939 -0.40778
2.29298 0.291011 -0.406524
2.29492 0.291045 -0.402198
2.28222 0.286227 -0.396466
2.28028 0.286193 -0.400792
2.34001 0.133593 -0.435504
2.3477 0.133683 -0.418394
2.29588 0.120647 -0.395042
2.28819 0.120556 -0.412152
2.31685 0.218239 -0.421134
2.32163 0.218322 -0.410458
2.29138 0.206362 -0.396771
2.2866 0.20628 -0.407447
2.20063 0.005939 -0.302936
2.15538 0.005939 -0.316752
2.19833 0.005939 -0.457452
2.24359 0.005939 -0.443635
2.19959 0.32187 -0.372453
2.19506 0.32187 -0.373837
2.19936 0.32187 -0.387935
2.2039 0.32187 -0.38655
2.18866 0.15576 -0.312629
2.17072 0.15576 -0.318106
2.18775 0.15576 -0.373881
2.20569 0.15576 -0.368404
2.16198 0.005939 -0.177934
2.14337 0.005939 -0.221442
2.27863 0.005939 -0.279297
2.29724 0.005939 -0.23579
2.22296 0.281071 -0.227172
2.2211 0.281071 -0.231531
2.23451 0.278981 -0.23727
2.23638 0.278981 -0.23291
2.16168 0.090367 -0.193336
2.1543 0.090367 -0.210583
2.20792 0.090367 -0.233517
2.21529 0.090367 -0.216271
2.22096 0.212968 -0.22198
2.21596 0.212968 -0.23367
2.25193 0.207363 -0.249058
2.25693 0.207363 -0.237368
****
0.767824 0.79113 -3.26049
0.638831 4.69945 -2.55381
1.26074 0.905772 -3.02382
0.646184 4.69976 -2.55109
1.53961 0.827138 -2.54616
0.649463 4.69994 -2.54397
1.29861 0.913925 -2.04967
0.646747 4.69988 -2.53661
0.825634 0.803575 -1.77357
0.639627 4.69962 -2.53332
0.325217 0.874896 -2.0115
0.632274 4.6993 -2.53604
0.053849 0.767566 -2.4879
0.628995 4.69912 -2.54316
0.287342 0.866743 -2.98565
0.631711 4.69918 -2.55052
0.746567 1.42694 -3.15246
0.72531 2.06274 -3.04444
0.704054 2.69855 -2.93641
0.682797 3.33436 -2.82839
0.661541 3.97016 -2.72036
0.779199 4.06844 -2.66298
0.875506 3.43591 -2.73515
0.971813 2.80337 -2.80732
1.06812 2.17084 -2.87949
1.16443 1.53831 -2.95166
0.850206 3.97897 -2.54574
0.988087 3.3486 -2.54582
1.12597 2.71824 -2.54591
1.26385 2.08787 -2.54599
1.40173 1.4575 -2.54608
0.788457 4.07043 -2.42485
0.890488 3.43913 -2.34981
0.992518 2.80783 -2.27478
1.09455 2.17653 -2.19974
1.19658 1.54523 -2.12471
0.675673 3.97321 -2.35688
0.705665 3.33928 -2.24022
0.735657 2.70535 -2.12355
0.765649 2.07143 -2.00689
0.795642 1.4375 -1.89023
0.550508 4.06089 -2.41552
0.50545 3.42369 -2.33471
0.460392 2.78649 -2.25391
0.415333 2.14929 -2.17311
0.370275 1.51209 -2.0923
0.487007 3.9644 -2.5315
0.400375 3.32504 -2.52278
0.313744 2.68567 -2.51406
0.227112 2.0463 -2.50534
0.14048 1.40693 -2.49662
0.54125 4.0589 -2.65365
0.490468 3.42047 -2.72005
0.439687 2.78204 -2.78645
0.388905 2.1436 -2.85285
0.338124 1.50517 -2.91925
0.659826 3.93952 -2.79542
0.827769 4.03999 -2.71402
0.92663 3.95196 -2.54848
0.840862 4.0428 -2.37726
0.679811 3.94382 -2.2814
0.504362 4.02931 -2.36407
0.413006 3.93137 -2.52834
0.491269 4.02649 -2.70083
0.679099 3.30328 -2.95447
0.956173 3.40851 -2.82092
1.11549 3.32364 -2.55057
0.977588 3.41312 -2.27011
0.711786 3.31032 -2.11372
0.427206 3.39105 -2.24853
0.275399 3.28996 -2.51762
0.405791 3.38644 -2.79934
0.698819 2.66714 -3.10202
1.07735 2.7768 -2.92
1.29286 2.69486 -2.5522
1.1065 2.78307 -2.1702
0.743316 2.67672 -1.95754
0.357279 2.75303 -2.14082
0.149271 2.64901 -2.50735
0.328127 2.74676 -2.89062
0.718237 2.03094 -3.25732
1.2034 2.14525 -3.02436
1.47798 2.06639 -2.55414
1.24068 2.15327 -2.06541
0.775146 2.04319 -1.7936
0.282478 2.11485 -2.02783
0.015404 2.00775 -2.49678
0.245195 2.10683 -2.98678
0.737591 1.39472 -3.4143
1.33051 1.51373 -3.12985
1.66478 1.43798 -2.55614
1.37601 1.52352 -1.95956
0.807041 1.40968 -1.62799
0.206621 1.47664 -1.9137
-0.120143 1.36642 -2.48615
0.16112 1.46684 -3.084
1.44853 0.881911 -3.22552
1.83714 0.809001 -2.55758
1.50151 0.893317 -1.8628
0.838376 0.776038 -1.47681
0.139847 0.83872 -1.8094
-0.241262 0.725667 -2.47607
0.086865 0.827315 -3.17212
0.757505 0.75863 -3.55684
0.832514 -0.305848 -2.73246
0.781584 0.955975 -2.74104
0.992558 -0.298986 -2.67335
0.941628 0.962837 -2.68193
1.06393 -0.295051 -2.51828
1.013 0.966772 -2.52686
1.00481 -0.296348 -2.35809
0.953885 0.965476 -2.36667
0.849848 -0.302116 -2.28662
0.798918 0.959707 -2.2952
0.689804 -0.308978 -2.34574
0.638875 0.952845 -2.35432
0.618435 -0.312913 -2.50081
0.567505 0.94891 -2.50939
0.677547 -0.311617 -2.66099
0.626618 0.950207 -2.66957
****
0.895555 1.04766 -5.97612
0.233535 1.13801 -5.62765
-0.114934 1.04766 -4.96563
0.233535 1.13801 -4.30361
0.895554 1.04766 -3.95514
1.55757 1.13801 -4.30361
1.90604 1.04766 -4.96563
1.55757 1.13801 -5.62765
0.327017 1.75488 -5.53417
0.027754 1.66454 -4.96563
0.327017 1.75488 -4.3971
0.895554 1.66454 -4.09783
1.46409 1.75488 -4.3971
1.76336 1.66454 -4.96563
1.46409 1.75488 -5.53417
0.895555 1.66454 -5.83343
0.42969 2.37176 -5.4315
0.184472 2.28141 -4.96563
0.42969 2.37176 -4.49977
0.895554 2.28141 -4.25455
1.36142 2.37176 -4.49977
1.60664 2.28141 -4.96563
1.36142 2.37176 -5.4315
0.895555 2.28141 -5.67672
0.531294 2.98863 -5.32989
0.339557 2.89828 -4.96563
0.531294 2.98863 -4.60137
0.895554 2.89828 -4.40964
1.25981 2.98863 -4.60137
1.45155 2.89828 -4.96563
1.25981 2.98863 -5.32989
0.895555 2.89828 -5.52163
0.627967 3.6055 -5.23322
0.487117 3.51516 -4.96563
0.627967 3.6055 -4.69805
0.895555 3.51516 -4.5572
1.16314 3.6055 -4.69805
1.30399 3.51516 -4.96563
1.16314 3.6055 -5.23322
0.895555 3.51516 -5.37407
0.731953 4.22237 -5.12923
0.645838 4.13203 -4.96563
0.731953 4.22237 -4.80203
0.895555 4.13203 -4.71592
1.05916 4.22237 -4.80203
1.14527 4.13203 -4.96563
1.05916 4.22237 -5.12923
0.895555 4.13203 -5.21535
0.493818 1.78405 -5.36737
0.56533 2.40092 -5.29586
0.636843 3.0178 -5.22435
0.708355 3.63467 -5.15283
0.779867 4.25154 -5.08132
0.282355 1.6937 -4.96563
0.391509 2.31058 -4.96563
0.500664 2.92745 -4.96563
0.609818 3.54432 -4.96563
0.718973 4.1612 -4.96563
0.493818 1.78405 -4.5639
0.56533 2.40092 -4.63541
0.636843 3.0178 -4.70692
0.708355 3.63467 -4.77843
0.779867 4.25154 -4.84995
0.895554 1.6937 -4.35243
0.895554 2.31058 -4.46159
0.895554 2.92745 -4.57074
0.895555 3.54432 -4.6799
0.895555 4.1612 -4.78905
1.29729 1.78405 -4.5639
1.22578 2.40092 -4.63541
1.15427 3.0178 -4.70692
1.08275 3.63467 -4.77843
1.01124 4.25154 -4.84995
1.50875 1.6937 -4.96563
1.3996 2.31058 -4.96563
1.29044 2.92745 -4.96563
1.18129 3.54432 -4.96563
1.07214 4.1612 -4.96563
1.29729 1.78405 -5.36737
1.22578 2.40092 -5.29586
1.15427 3.0178 -5.22435
1.08275 3.63467 -5.15283
1.01124 4.25154 -5.08132
0.895555 4.1612 -5.14221
0.895555 3.54432 -5.25137
0.895555 2.92745 -5.36052
0.895555 2.31058 -5.46968
0.895555 1.6937 -5.57883
0.888518 4.86841 -4.97267
0.422305 1.16718 -5.43888
0.885603 4.86841 -4.96563
0.1732 1.07683 -4.96563
0.888518 4.86841 -4.9586
0.422305 1.16718 -4.49238
0.895555 4.86841 -4.95568
0.895554 1.07683 -4.24328
0.902591 4.86841 -4.9586
1.3688 1.16718 -4.49238
0.905506 4.86841 -4.96563
1.61791 1.07683 -4.96563
0.902591 4.86841 -4.97267
1.3688 1.16718 -5.43888
0.895555 4.86841 -4.97558
0.895555 1.07683 -5.68799
0.895555 -0.15156 -5.18873
0.895555 1.11132 -5.18873
1.05331 -0.15156 -5.12339
1.05331 1.11132 -5.12339
1.11865 -0.15156 -4.96563
1.11865 1.11132 -4.96563
1.05331 -0.15156 -4.80788
1.05331 1.11132 -4.80788
0.895554 -0.15156 -4.74254
0.895554 1.11132 -4.74254
0.737802 -0.15156 -4.80788
0.737802 1.11132 -4.80788
0.672459 -0.15156 -4.96563
0.672459 1.11132 -4.96563
0.737802 -0.15156 -5.12339
0.737802 1.11132 -5.12339
0.895555 1.04029 -5.68799
0.895555 4.83188 -4.97558
1.3688 1.13064 -5.43888
0.902591 4.83188 -4.97267
1.61791 1.04029 -4.96563
0.905506 4.83188 -4.96563
1.3688 1.13064 -4.49238
0.902591 4.83188 -4.9586
0.895554 1.04029 -4.24328
0.895555 4.83188 -4.95568
0.422305 1.13064 -4.49238
0.888518 4.83188 -4.9586
0.1732 1.04029 -4.96563
0.885603 4.83188 -4.96563
0.422305 1.13064 -5.43888
0.888518 4.83188 -4.97267
0.895555 1.65717 -5.57883
0.895555 2.27404 -5.46968
0.895555 2.89091 -5.36052
0.895555 3.50779 -5.25137
0.895555 4.12466 -5.14221
1.01124 4.215 -5.08132
1.08275 3.59813 -5.15283
1.15427 2.98126 -5.22435
1.22578 2.36439 -5.29586
1.29729 1.74751 -5.36737
1.07214 4.12466 -4.96563
1.18129 3.50779 -4.96563
1.29044 2.89091 -4.96563
1.3996 2.27404 -4.96563
1.50875 1.65717 -4.96563
1.01124 4.215 -4.84995
1.08275 3.59813 -4.77843
1.15427 2.98126 -4.70692
1.22578 2.36439 -4.63541
1.29729 1.74751 -4.5639
0.895555 4.12466 -4.78905
0.895555 3.50779 -4.6799
0.895554 2.89091 -4.57074
0.895554 2.27404 -4.46159
0.895554 1.65717 -4.35243
0.779867 4.215 -4.84995
0.708355 3.59813 -4.77843
0.636843 2.98126 -4.70692
0.56533 2.36439 -4.63541
0.493818 1.74751 -4.5639
0.718973 4.12466 -4.96563
0.609818 3.50779 -4.96563
0.500664 2.89091 -4.96563
0.391509 2.27404 -4.96563
0.282355 1.65717 -4.96563
0.779867 4.215 -5.08132
0.708355 3.59813 -5.15283
0.636843 2.98126 -5.22435
0.56533 2.36439 -5.29586
0.493818 1.74751 -5.36737
0.895555 4.09549 -5.21535
1.05916 4.18584 -5.12923
1.14527 4.09549 -4.96563
1.05916 4.18584 -4.80203
0.895555 4.09549 -4.71592
0.731953 4.18584 -4.80203
0.645838 4.09549 -4.96563
0.731953 4.18584 -5.12923
0.895555 3.47862 -5.37407
1.16314 3.56896 -5.23322
1.30399 3.47862 -4.96563
1.16314 3.56896 -4.69805
0.895555 3.47862 -4.5572
0.627967 3.56896 -4.69805
0.487117 3.47862 -4.96563
0.627967 3.56896 -5.23322
0.895555 2.86174 -5.52163
1.25981 2.95209 -5.32989
1.45155 2.86174 -4.96563
1.25981 2.95209 -4.60137
0.895554 2.86174 -4.40964
0.531294 2.95209 -4.60137
0.339557 2.86174 -4.96563
0.531294 2.95209 -5.32989
0.895555 2.24487 -5.67672
1.36142 2.33522 -5.4315
1.60664 2.24487 -4.96563
1.36142 2.33522 -4.49977
0.895554 2.24487 -4.25455
0.42969 2.33522 -4.49977
0.184472 2.24487 -4.96563
0.42969 2.33522 -5.4315
0.895555 1.628 -5.83343
1.46409 1.71835 -5.53417
1.76336 1.628 -4.96563
1.46409 1.71835 -4.3971
0.895554 1.628 -4.09783
0.327017 1.71835 -4.3971
0.027754 1.628 -4.96563
0.327017 1.71835 -5.53417
1.55757 1.10147 -5.62765
1.90604 1.01113 -4.96563
1.55757 1.10147 -4.30361
0.895554 1.01113 -3.95514
0.233535 1.10147 -4.30361
-0.114934 1.01113 -4.96563
0.233535 1.10147 -5.62765
0.895555 1.01113 -5.97612
****
2.25591 0.005939 0.372571
2.2761 0.005939 0.41537
2.14305 0.005939 0.478123
2.12286 0.005939 0.435323
2.20513 0.32187 0.420059
2.20716 0.32187 0.424347
2.19383 0.32187 0.430635
2.1918 0.32187 0.426346
2.25678 0.15576 0.387951
2.26478 0.15576 0.404917
2.21204 0.15576 0.429793
2.20404 0.15576 0.412827
2.01299 0.005939 0.350733
2.0319 0.005939 0.307353
2.16676 0.005939 0.366127
2.14785 0.005939 0.409507
2.11715 0.291011 0.373807
2.11905 0.291045 0.369463
2.13182 0.286227 0.375013
2.12992 0.286193 0.379357
2.06408 0.133593 0.358457
2.07158 0.133683 0.341265
2.1237 0.120647 0.363945
2.1162 0.120556 0.381137
2.09028 0.218239 0.365945
2.09497 0.218322 0.355231
2.12544 0.206362 0.368435
2.12075 0.20628 0.379149
2.25591 0.005939 0.372571
2.2761 0.005939 0.41537
2.14305 0.005939 0.478123
2.12286 0.005939 0.435323
2.20513 0.32187 0.420059
2.20716 0.32187 0.424347
2.19383 0.32187 0.430635
2.1918 0.32187 0.426346
2.25678 0.15576 0.387951
2.26478 0.15576 0.404917
2.21204 0.15576 0.429793
2.20404 0.15576 0.412827
2.37445 0.005939 0.317183
2.35474 0.005939 0.360204
2.221 0.005939 0.298929
2.24071 0.005939 0.255908
2.29701 0.281071 0.305121
2.29504 0.281071 0.309432
2.28177 0.278981 0.303354
2.28375 0.278981 0.299044
2.36325 0.090367 0.327761
2.35544 0.090367 0.344815
2.30242 0.090367 0.320525
2.31024 0.090367 0.303471
2.3022 0.212968 0.303114
2.29691 0.212968 0.314673
2.26133 0.207363 0.298376
2.26663 0.207363 0.286816
****
1.77293 -0.028327 4.4196
2.03035 -0.028069 4.59411
1.67926 -0.032688 4.69481
1.39476 -0.045778 4.37784
1.68693 -0.024133 4.14189
2.0105 -0.025463 4.25201
1.82027 0.214131 4.70059
1.44925 0.202529 4.58961
1.52161 0.213093 4.17814
1.87067 0.224459 4.10631
2.14857 0.249054 4.43407
1.80318 0.359534 4.51441
1.71787 -0.030891 4.58137
1.91125 -0.029592 4.52198
1.85472 -0.032315 4.68372
2.07342 -0.025453 4.42382
1.91257 -0.026644 4.32109
1.59762 -0.02849 4.41716
1.49155 -0.031102 4.57822
1.72239 -0.025862 4.25637
1.51976 -0.03979 4.22422
1.86203 -0.024179 4.15786
2.1522 0.087251 4.52879
2.12199 0.086842 4.3275
1.74182 0.059391 4.74567
1.97175 0.071475 4.68695
1.36874 0.065158 4.50103
1.51141 0.060135 4.68038
1.57476 0.072765 4.11371
1.36312 0.042494 4.24505
1.96752 0.078355 4.16091
1.78025 0.079487 4.07269
2.03302 0.253317 4.59183
1.5719 0.200782 4.6834
1.44814 0.236682 4.40223
1.70291 0.250414 4.06334
2.02539 0.256458 4.26652
1.80774 0.356043 4.62087
1.98347 0.352304 4.46112
1.61371 0.33148 4.54456
1.64595 0.322227 4.29989
1.83595 0.330389 4.23517
****
1.77296 -0.066642 4.41694
2.03615 -0.066378 4.59537
1.67719 -0.071101 4.69832
1.38632 -0.084484 4.37424
1.68504 -0.062354 4.13301
2.01586 -0.063714 4.24559
1.82136 0.181249 4.70423
1.44203 0.169387 4.59076
1.51601 0.180188 4.17007
1.87289 0.191808 4.09663
2.15702 0.216954 4.43173
1.80389 0.32991 4.51388
1.71667 -0.069263 4.58233
1.91438 -0.067935 4.52161
1.85659 -0.07072 4.68698
2.08018 -0.063703 4.42125
1.91574 -0.064921 4.31623
1.59372 -0.066809 4.41445
1.48528 -0.069479 4.57911
1.72128 -0.064122 4.25005
1.51411 -0.078362 4.21718
1.86406 -0.062401 4.14934
2.16073 0.051526 4.52858
2.12984 0.051108 4.32277
1.74115 0.023041 4.75031
1.97624 0.035397 4.69028
1.35971 0.028938 4.50019
1.50558 0.023802 4.68357
1.57035 0.036715 4.1042
1.35398 0.005766 4.23847
1.97191 0.04243 4.15245
1.78045 0.043588 4.06226
2.03888 0.221313 4.59303
1.56742 0.167601 4.68665
1.44089 0.204305 4.39918
1.70138 0.218345 4.0527
2.03108 0.224524 4.26043
1.80855 0.326341 4.62272
1.98822 0.322518 4.45939
1.61018 0.301227 4.54469
1.64314 0.291767 4.29455
1.8374 0.300112 4.22838
****
2.10779 0.033009 5.21985
2.32053 0.021599 5.35591
2.03073 0.024037 5.42501
1.78166 0.012013 5.16094
2.01298 0.025588 4.98621
2.30451 0.024633 5.05529
2.15939 0.151742 5.365
1.84686 0.20036 5.253
1.85417 0.210316 5.03797
2.14035 0.228313 4.98844
2.31883 0.205475 5.13997
2.09986 0.233814 5.21104
2.05985 0.032878 5.36214
2.23382 0.033152 5.31046
2.18283 0.026006 5.44615
2.35797 0.023942 5.20563
2.2325 0.033009 5.12925
1.95159 0.032972 5.21543
1.85926 0.027396 5.30237
2.05995 0.032898 5.07348
1.87104 0.016387 5.05428
2.17136 0.025729 4.99812
2.3654 0.087453 5.24675
2.34792 0.095315 5.08119
2.09858 0.077073 5.43449
2.27868 0.090868 5.40705
1.77065 0.094472 5.22954
1.8871 0.098558 5.33102
1.88482 0.097456 4.98803
1.76356 0.079417 5.0868
2.26423 0.116827 4.99219
2.0633 0.10016 4.95906
2.27125 0.187812 5.25601
1.94787 0.181328 5.27693
1.84668 0.225733 5.14716
1.96903 0.240978 4.97577
2.2544 0.241579 5.03444
2.12408 0.231989 5.28827
2.204 0.250213 5.17493
1.95459 0.243245 5.20736
1.95815 0.271433 5.11978
2.09312 0.291071 5.08858
****
2.10727 0.001949 5.22419
2.32407 -0.009678 5.36284
2.02874 -0.007193 5.43326
1.77492 -0.019447 5.16415
2.01065 -0.005613 4.98609
2.30774 -0.006586 5.05649
2.15986 0.122946 5.3721
1.84137 0.17249 5.25796
1.84882 0.182635 5.03884
2.14046 0.200975 4.98837
2.32234 0.177703 5.14278
2.09919 0.206581 5.21521
2.05842 0.001816 5.36919
2.2357 0.002095 5.31652
2.18374 -0.005187 5.4548
2.36222 -0.00729 5.2097
2.23435 0.001949 5.13186
1.9481 0.001912 5.21968
1.85401 -0.00377 5.30828
2.05852 0.001836 5.07503
1.86601 -0.014989 5.05546
2.17205 -0.005469 4.99823
2.3698 0.057432 5.2516
2.35198 0.065443 5.08288
2.09789 0.046854 5.44291
2.28142 0.060911 5.41496
1.76371 0.064584 5.23406
1.88238 0.068748 5.33747
1.88005 0.067625 4.98795
1.75648 0.049243 5.0886
2.26669 0.087365 4.99218
2.06194 0.070381 4.95843
2.27384 0.159703 5.26103
1.9443 0.153095 5.28235
1.84118 0.198346 5.15011
1.96587 0.213882 4.97545
2.25668 0.214494 5.03524
2.12388 0.204722 5.2939
2.20532 0.223293 5.17841
1.95115 0.216192 5.21146
1.95478 0.244917 5.12221
2.09232 0.264929 5.09042
****
2.21003 -0.029047 6.21088
2.47443 -0.026341 6.38479
2.14329 0.004936 6.4784
1.91623 -0.04342 6.20223
2.1186 -0.029047 5.92948
2.4494 -0.029047 6.03696
2.2299 0.215765 6.4855
1.95114 0.246551 6.38293
1.99415 0.187385 6.07734
2.34837 0.204632 5.91317
2.473 0.198065 6.21171
2.22021 0.306799 6.33258
2.15629 -0.029047 6.37628
2.35222 -0.028886 6.3131
2.29672 -0.028624 6.47814
2.51585 -0.026407 6.21088
2.35073 -0.029047 6.10865
2.0316 -0.029047 6.21088
2.01759 0.028677 6.36929
2.15629 -0.029047 6.04548
1.98697 -0.045877 6.02985
2.29699 -0.029047 5.94325
2.56132 0.073188 6.31351
2.53237 0.071769 6.10931
2.18212 0.099106 6.51941
2.41086 0.084826 6.47128
1.95136 0.121626 6.31346
2.04527 0.153743 6.45356
2.03559 0.053655 5.95575
1.91114 0.034145 6.08942
2.40447 0.075207 5.94325
2.24759 0.060199 5.87753
2.43949 0.237247 6.38012
2.04712 0.258581 6.45847
1.90934 0.241861 6.21111
2.24516 0.199489 5.92825
2.43978 0.246449 6.04619
2.20605 0.296528 6.43957
2.38911 0.328727 6.25158
2.04439 0.320724 6.34471
2.09074 0.318671 6.1119
2.29022 0.325107 6.02794
****
2.2101 -0.053665 6.21104
2.47574 -0.050946 6.38577
2.14305 -0.019523 6.47982
1.91492 -0.068105 6.20235
2.11824 -0.053665 5.92832
2.45059 -0.053665 6.03631
2.23006 0.192293 6.48695
1.95 0.223223 6.38389
1.99321 0.16378 6.07688
2.34909 0.181108 5.91194
2.4743 0.17451 6.21188
2.22032 0.283753 6.33331
2.15611 -0.053665 6.37721
2.35296 -0.053503 6.31374
2.29719 -0.053239 6.47955
2.51735 -0.051013 6.21104
2.35146 -0.053665 6.10834
2.03083 -0.053665 6.21104
2.01676 0.00433 6.37019
2.15611 -0.053665 6.04486
1.98599 -0.070573 6.02917
2.29746 -0.053665 5.94216
2.56304 0.049049 6.31416
2.53395 0.047624 6.10899
2.18205 0.075089 6.52102
2.41187 0.060741 6.47267
1.95022 0.097713 6.3141
2.04457 0.129981 6.45485
2.03485 0.029425 5.95471
1.90981 0.009823 6.08901
2.40545 0.051077 5.94216
2.24784 0.035999 5.87613
2.44063 0.213876 6.38108
2.04642 0.235309 6.45979
1.908 0.218512 6.21127
2.24539 0.175941 5.92709
2.44093 0.223121 6.04558
2.2061 0.273434 6.4408
2.39002 0.305784 6.25194
2.04368 0.297743 6.3455
2.09025 0.295681 6.11159
2.29067 0.302147 6.02724
****
1.94572 -0.10782 1.50743
2.21136 -0.105101 1.68216
1.85386 -0.10782 1.79015
1.5585 -0.125875 1.47039
1.85386 -0.10782 1.22472
2.18621 -0.10782 1.33271
1.99834 0.144426 1.79015
1.61746 0.131247 1.68216
1.68559 0.13546 1.26037
2.04143 0.145534 1.18181
2.33021 0.17553 1.5125
1.97836 0.290147 1.59778
1.89173 -0.10782 1.67361
2.08858 -0.107658 1.61014
2.03309 -0.10782 1.77631
2.25297 -0.105167 1.50743
2.08708 -0.10782 1.40473
1.76646 -0.10782 1.50743
1.66031 -0.10782 1.67361
1.89173 -0.10782 1.34126
1.68411 -0.122329 1.31149
2.03309 -0.10782 1.23856
2.33511 0.011614 1.61183
2.30136 0.008051 1.40651
1.91863 -0.012958 1.83979
2.15287 -0.001802 1.77631
1.53376 -0.01049 1.59493
1.68215 -0.012959 1.77631
1.73887 -0.009076 1.19597
1.52436 -0.037698 1.3337
2.14107 -0.003077 1.23855
1.94838 -0.003094 1.15102
2.21432 0.182517 1.67534
1.74416 0.130799 1.77631
1.61369 0.163202 1.4901
1.86934 0.171585 1.13986
2.2019 0.180596 1.34287
1.98453 0.288255 1.70659
2.16191 0.281702 1.54086
1.78507 0.262166 1.63173
1.81454 0.248803 1.38133
2.00787 0.255902 1.31235
****
0.989057 -0.168258 5.24411
0.989057 1.83342 5.30771
1.19532 -0.168258 5.32955
1.15035 1.85512 5.37452
1.28076 -0.168258 5.53581
1.21716 1.83174 5.53581
1.19532 -0.168258 5.74208
1.15035 1.98693 5.6971
0.989057 -0.168258 5.82751
0.989057 1.86627 5.76392
0.782793 -0.168258 5.74208
0.827764 1.87353 5.6971
0.697355 -0.168258 5.53581
0.760954 1.80658 5.53581
0.782793 -0.168258 5.32955
0.831535 1.85127 5.40111
1.45232 3.34275 5.48568
1.4856 3.33054 5.50037
1.49938 3.32549 5.53581
1.4856 3.33054 5.57126
1.45232 3.34275 5.58594
1.41904 3.35495 5.57126
1.40525 3.36 5.53581
1.41904 3.35495 5.50037
1.10772 2.47977 5.41932
1.03263 2.58592 5.45344
1.00153 2.5986 5.53581
1.03263 2.58592 5.61818
1.10772 2.55531 5.6523
1.1828 2.52469 5.61818
1.21391 2.43647 5.53581
1.1828 2.53853 5.45344
0.989057 0.158408 5.30771
1.15035 0.158408 5.37452
1.21716 0.158408 5.53581
1.15035 0.158408 5.6971
0.989057 0.158408 5.76392
0.827764 0.158408 5.6971
0.760954 0.158408 5.53581
0.827764 0.158408 5.37452
1.04839 2.19352 5.36351
0.926425 2.17512 5.45136
0.88124 2.24843 5.53581
0.930196 2.19635 5.65764
1.04839 2.15168 5.70811
1.16658 2.17822 5.65764
1.21553 2.17187 5.53581
1.16658 2.12009 5.41398
-0.508672 2.67741 5.54231
-0.518624 2.67118 5.51829
-0.508672 2.67741 5.49426
-0.493415 2.73358 5.50014
-0.500707 2.74455 5.51829
-0.493415 2.73358 5.53644
0.172208 2.39423 5.59704
0.144084 2.43656 5.52705
0.172208 2.39423 5.45706
0.113363 2.17761 5.61971
0.113363 2.17761 5.43439
0.074983 2.15357 5.52705
0.989057 1.59836 5.30771
1.15035 1.60012 5.37452
1.21716 1.59974 5.53581
1.15035 1.48527 5.6971
0.989057 1.51067 5.76392
0.827764 1.46038 5.6971
0.760954 1.46392 5.53581
0.827764 1.56486 5.37452
1.77732 2.53527 6.31023
1.75509 2.52357 6.35402
1.75771 2.47652 6.37216
1.83698 2.51535 6.31023
1.84784 2.4926 6.35402
1.81736 2.4566 6.37216
1.35628 1.90385 6.05234
1.46186 1.86164 6.00861
1.50559 1.90385 5.90304
1.35628 2.05546 6.05234
1.50559 2.05546 5.90304
1.46186 2.17305 6.00861
1.75106 2.93622 4.89829
1.76835 2.92001 4.9104
1.76329 2.94124 4.90814
1.7414 2.89167 4.85872
1.76861 2.8735 4.88037
1.76064 2.87717 4.85914
1.46408 2.28952 5.14495
1.39021 2.33542 5.11341
1.49468 2.32189 5.2211
1.42729 2.56155 5.14829
1.47422 2.5855 5.16962
1.49366 2.53448 5.2211
-0.061377 2.53471 5.52426
-0.039891 2.50237 5.47079
-0.084847 2.33687 5.45347
-0.114169 2.31851 5.52426
-0.039891 2.50237 5.57773
-0.084847 2.33687 5.59505
0.355662 2.32971 5.61486
0.284002 2.07593 5.64246
0.366314 2.38125 5.52963
0.354553 2.32982 5.45539
0.285111 2.07581 5.42461
0.237264 2.04666 5.52963
0.294232 2.96 5.86285
0.287501 2.97883 5.8575
0.294232 2.98284 5.83834
0.338137 2.9458 5.85544
0.340687 2.96873 5.84893
0.337872 2.97183 5.82754
0.436273 2.59372 5.66184
0.442813 2.65255 5.64513
0.435592 2.66052 5.59025
0.323631 2.63016 5.68085
0.306363 2.67847 5.66713
0.323631 2.68876 5.61797
1.12451 0.878258 5.40036
1.18062 0.878258 5.53581
1.12451 0.851184 5.67127
0.989057 0.878258 5.72737
0.853603 0.878258 5.67127
0.797497 0.863123 5.53581
0.853603 0.878258 5.40036
0.989057 0.878258 5.34425
0.977299 2.3719 5.45236
0.989057 1.78445 5.30771
1.15035 1.80144 5.37452
1.21716 1.78291 5.53581
0.989057 1.79214 5.76392
0.827764 1.8505 5.6971
0.760954 1.73177 5.53581
0.830741 1.79446 5.39551
1.78988 2.53108 6.31023
1.77462 2.51705 6.35402
1.77026 2.47233 6.37216
1.35628 2.02354 6.05234
1.50559 2.02354 5.90304
0.34525 1.93801 6.49739
0.311255 1.92752 6.50105
0.290775 1.90809 6.48145
0.34525 1.97636 6.4574
0.311255 1.98067 6.44563
0.290775 1.94458 6.4434
0.674324 1.7941 6.04745
0.59235 1.69754 6.03172
0.733247 1.78602 6.14652
0.492947 1.64444 6.14821
0.52955 1.71677 6.2171
0.628789 1.73022 6.26893
1.01683 2.30392 4.53116
1.05248 2.30872 4.54593
0.982024 2.30787 4.5518
1.02995 2.3835 4.5435
1.00299 2.37944 4.56291
1.05606 2.36727 4.55465
1.04043 2.15472 5.00988
1.11892 2.10596 5.04339
0.959445 2.1425 5.06822
1.10814 1.93001 5.01719
0.896433 1.92745 5.03485
1.00104 1.91559 4.97282
0.93886 2.41617 5.53581
0.979264 2.38296 5.63874
1.07681 2.40569 5.68138
1.17435 2.34418 5.63874
1.21475 2.29862 5.53581
1.07681 2.33064 5.39025
1.76849 2.89578 4.89475
1.76191 2.90786 4.88261
1.74603 2.91301 4.87768
1.40797 2.44374 5.13012
1.49419 2.42372 5.2211
1.06595 2.57546 6.67612
1.11206 2.55803 6.69581
1.15816 2.56839 6.67612
1.08509 2.64826 6.66874
1.12314 2.65713 6.68538
1.1612 2.63313 6.66874
1.16777 2.37638 6.15374
1.09998 2.41913 6.18338
1.03218 2.40334 6.15374
1.16237 2.26102 6.16688
0.998074 2.27363 6.16688
1.08022 2.24258 6.20196
****
0.989057 1.89476 5.33505
1.13101 1.91387 5.39386
1.18982 1.89329 5.53581
1.13101 2.02987 5.67777
0.989057 1.92367 5.73657
0.8471 1.93006 5.67777
0.7883 1.87114 5.53581
0.85042 1.91048 5.41726
1.39678 3.22314 5.49169
1.42607 3.2124 5.50461
1.4382 3.20796 5.53581
1.42607 3.2124 5.56701
1.39678 3.22314 5.57993
1.36749 3.23388 5.56701
1.35536 3.23833 5.53581
1.36749 3.23388 5.50461
1.09349 2.49391 5.43329
1.02741 2.55705 5.46332
1.00003 2.56821 5.53581
1.02741 2.55705 5.60831
1.09349 2.53011 5.63834
1.15958 2.50316 5.60831
1.18695 2.42552 5.53581
1.15958 2.54562 5.46332
1.13101 0.42056 5.39386
1.18982 0.42056 5.53581
1.04127 2.21169 5.46421
0.933933 2.1955 5.46149
0.894166 2.26002 5.53581
0.937253 2.21418 5.64304
1.04127 2.17487 5.68745
1.1453 2.19822 5.64304
1.18838 2.19264 5.53581
1.1453 2.14707 5.42859
-0.329117 2.63757 5.54153
-0.337875 2.63209 5.52039
-0.329117 2.63757 5.49925
-0.315688 2.68701 5.50442
-0.322106 2.69667 5.52039
-0.315688 2.68701 5.53636
0.270136 2.38835 5.5897
0.245384 2.4256 5.5281
0.270136 2.38835 5.48154
0.218346 2.19769 5.60965
0.218346 2.19769 5.44655
0.184567 2.17653 5.5281
0.989057 1.68788 5.33505
1.13101 1.68943 5.39386
1.21383 1.70493 5.53581
1.13101 1.58835 5.67777
0.989057 1.6107 5.73657
0.8471 1.56645 5.67777
0.7883 1.56956 5.53581
0.8471 1.6584 5.39386
1.73144 2.51247 6.28317
1.71188 2.50217 6.32171
1.71418 2.46077 6.33768
1.78394 2.49494 6.30005
1.7935 2.47492 6.32371
1.76668 2.44323 6.33968
1.31226 1.95675 5.99042
1.40518 1.9196 5.95193
1.44367 1.95675 5.85901
1.31226 2.09018 5.99042
1.44367 2.09018 5.85901
1.40518 2.19368 5.95193
1.65971 2.86535 4.97472
1.67492 2.85109 4.98538
1.67047 2.86977 4.98339
1.68448 2.82614 4.93989
1.67516 2.81015 4.95895
1.69813 2.81338 4.94026
1.40713 2.29618 5.19181
1.34211 2.33658 5.27139
1.43406 2.32467 5.25883
1.37475 2.56588 5.19475
1.41606 2.58696 5.21352
1.43317 2.51178 5.25883
0.064555 2.51198 5.52564
0.083465 2.48351 5.47858
0.043898 2.33786 5.46334
0.018092 2.3217 5.52564
0.083465 2.48351 5.5727
0.043898 2.33786 5.58795
0.38399 2.34696 5.60538
0.368528 2.1082 5.62968
0.393365 2.39233 5.53037
0.383014 2.34706 5.46503
0.369504 2.1081 5.49015
0.327393 2.08244 5.53037
1.10827 1.05411 5.4166
1.15765 1.05411 5.53581
1.10827 1.03028 5.65503
0.989057 1.05411 5.70441
0.869842 1.05411 5.65503
0.820462 1.04079 5.53581
0.869842 1.05411 5.4166
0.989057 1.05411 5.36722
0.978709 2.36869 5.46236
0.989057 1.85167 5.33505
1.13101 1.86662 5.39386
1.18982 1.85031 5.53581
0.989057 1.85844 5.73657
0.8471 1.90979 5.67777
0.7883 1.8053 5.53581
0.849721 1.86047 5.41233
1.74249 2.50878 6.28317
1.72906 2.49643 6.32171
1.72523 2.45708 6.33768
1.31226 2.06209 5.99042
1.44367 2.06209 5.85901
0.422433 1.98681 6.38211
0.392514 1.97759 6.38533
0.374489 1.96048 6.36808
0.422433 2.02056 6.34692
0.392514 2.02436 6.33656
0.374489 1.9926 6.33459
0.712056 1.86016 5.98611
0.63991 1.77517 5.97227
0.763914 1.85304 6.07331
0.552423 1.72844 6.07479
0.584638 1.79209 6.13543
0.67198 1.80394 6.18104
1.0135 2.30886 4.65161
1.04488 2.31308 4.6646
1.00368 2.30619 4.66753
1.02504 2.3789 4.66246
1.00132 2.37532 4.67954
1.04803 2.36462 4.67227
1.03428 2.17755 5.07293
1.10335 2.13463 5.10243
0.962995 2.16679 5.12428
1.09387 1.97977 5.07936
0.928354 1.97138 5.09266
0.9996 1.96709 5.04032
0.944878 2.40765 5.53581
1.00445 2.39425 5.6264
1.0903 2.41426 5.66393
1.17615 2.36012 5.6264
1.1877 2.3042 5.53581
1.06629 2.36266 5.4077
1.67504 2.82976 4.97161
1.66926 2.8404 4.96092
1.65528 2.84493 4.95658
1.35775 2.4622 5.17875
1.43363 2.4143 5.25883
1.07602 2.54784 6.53941
1.09731 2.53251 6.55674
1.13789 2.54162 6.53941
1.07358 2.61192 6.53292
1.10707 2.61972 6.54756
1.14056 2.5986 6.53292
1.17036 2.38846 6.07966
1.11069 2.42609 6.10574
1.05102 2.41218 6.07966
1.14159 2.27111 6.09123
1.01996 2.2822 6.09123
1.06929 2.25487 6.1221
****
0.989057 -0.065052 2.08052
0.989057 1.93662 2.14412
1.19532 -0.065052 2.16596
1.15035 1.95833 2.21093
1.28076 -0.065052 2.37223
1.21716 1.93495 2.37223
1.19532 -0.065052 2.57849
1.15035 2.09014 2.53352
0.989057 -0.065052 2.66393
0.989057 1.96947 2.60033
0.782793 -0.065052 2.57849
0.827764 1.97673 2.53352
0.697355 -0.065052 2.37223
0.760954 1.90978 2.37223
0.782793 -0.065052 2.16596
0.831535 1.95448 2.23753
1.45232 3.44595 2.3221
1.4856 3.43375 2.33678
1.49938 3.4287 2.37223
1.4856 3.43375 2.40767
1.45232 3.44595 2.42235
1.41904 3.45815 2.40767
1.40525 3.46321 2.37223
1.41904 3.45815 2.33678
1.10772 2.58298 2.25573
1.03263 2.68913 2.28985
1.00153 2.70181 2.37223
1.03263 2.68913 2.4546
1.10772 2.65851 2.48872
1.1828 2.62789 2.4546
1.21391 2.53968 2.37223
1.1828 2.64174 2.28985
0.989057 0.261615 2.14412
1.15035 0.261615 2.21093
1.21716 0.261615 2.37223
1.15035 0.261615 2.53352
0.989057 0.261615 2.60033
0.827764 0.261615 2.53352
0.760954 0.261615 2.37223
0.827764 0.261615 2.21093
1.04839 2.29673 2.19993
0.926425 2.27833 2.28778
0.88124 2.35163 2.37223
0.930196 2.29956 2.49406
1.04839 2.25488 2.54452
1.16658 2.28142 2.49406
1.21553 2.27508 2.37223
1.16658 2.2233 2.25039
-0.508672 2.78062 2.37873
-0.518624 2.77439 2.3547
-0.508672 2.78062 2.33068
-0.493415 2.83679 2.33656
-0.500707 2.84776 2.3547
-0.493415 2.83679 2.37285
0.172208 2.49744 2.43345
0.144084 2.53977 2.36346
0.172208 2.49744 2.29347
0.113363 2.28081 2.45612
0.113363 2.28081 2.2708
0.074983 2.25678 2.36346
0.989057 1.70156 2.14412
1.15035 1.70333 2.21093
1.21716 1.70295 2.37223
1.15035 1.58847 2.53352
0.989057 1.61387 2.60033
0.827764 1.56359 2.53352
0.760954 1.56712 2.37223
0.827764 1.66807 2.21093
1.77732 2.63848 3.14664
1.75509 2.62677 3.19043
1.75771 2.57973 3.20858
1.83698 2.61856 3.14664
1.84784 2.5958 3.19043
1.81736 2.55981 3.20858
1.35628 2.00706 2.88876
1.46186 1.96485 2.84503
1.50559 2.00706 2.73945
1.35628 2.15866 2.88876
1.50559 2.15866 2.73945
1.46186 2.27626 2.84503
1.75106 3.03942 1.7347
1.76835 3.02322 1.74681
1.76329 3.04445 1.74456
1.7414 2.99487 1.69513
1.76861 2.9767 1.71678
1.76064 2.98038 1.69555
1.46408 2.39272 1.98136
1.39021 2.43862 1.94982
1.49468 2.42509 2.05751
1.42729 2.66475 1.9847
1.47422 2.68871 2.00603
1.49366 2.63769 2.05751
-0.061377 2.63791 2.36067
-0.039891 2.60557 2.3072
-0.084847 2.44007 2.28988
-0.114169 2.42172 2.36067
-0.039891 2.60557 2.41414
-0.084847 2.44007 2.43146
0.355662 2.43291 2.45127
0.284002 2.17913 2.47888
0.366314 2.48446 2.36604
0.354553 2.43302 2.2918
0.285111 2.17902 2.26102
0.237264 2.14987 2.36604
0.294232 3.06321 2.69926
0.287501 3.08204 2.69392
0.294232 3.08605 2.67476
0.338137 3.049 2.69185
0.340687 3.07193 2.68534
0.337872 3.07504 2.66395
0.436273 2.69692 2.49826
0.442813 2.75576 2.48155
0.435592 2.76373 2.42667
0.323631 2.73337 2.51726
0.306363 2.78168 2.50354
0.323631 2.79196 2.45439
1.12451 0.981465 2.23677
1.18062 0.981465 2.37223
1.12451 0.95439 2.50768
0.989057 0.981465 2.56379
0.853603 0.981465 2.50768
0.797497 0.96633 2.37223
0.853603 0.981465 2.23677
0.989057 0.981465 2.18066
0.977299 2.47511 2.28877
0.989057 1.88766 2.14412
1.15035 1.90465 2.21093
1.21716 1.88611 2.37223
0.989057 1.89535 2.60033
0.827764 1.9537 2.53352
0.760954 1.83498 2.37223
0.830741 1.89766 2.23193
1.78988 2.63428 3.14664
1.77462 2.62025 3.19043
1.77026 2.57554 3.20858
1.35628 2.12675 2.88876
1.50559 2.12675 2.73945
0.34525 2.04121 3.33381
0.311255 2.03073 3.33747
0.290775 2.01129 3.31786
0.34525 2.07956 3.29381
0.311255 2.08388 3.28204
0.290775 2.04779 3.27981
0.674324 1.89731 2.88386
0.59235 1.80074 2.86814
0.733247 1.88923 2.98294
0.492947 1.74765 2.98462
0.52955 1.81997 3.05351
0.628789 1.83343 3.10535
1.01683 2.40713 1.36758
1.05248 2.41193 1.38234
0.982024 2.41108 1.38822
1.02995 2.48671 1.37991
1.00299 2.48264 1.39932
1.05606 2.47048 1.39106
1.04043 2.25793 1.84629
1.11892 2.20917 1.87981
0.959445 2.24571 1.90463
1.10814 2.03322 1.8536
0.896433 2.03066 1.87126
1.00104 2.0188 1.80924
0.93886 2.51938 2.37223
0.979264 2.48617 2.47516
1.07681 2.5089 2.51779
1.17435 2.44739 2.47516
1.21475 2.40183 2.37223
1.07681 2.43385 2.22666
1.76849 2.99899 1.73117
1.76191 3.01107 1.71903
1.74603 3.01622 1.71409
1.40797 2.54695 1.96653
1.49419 2.52693 2.05751
1.06595 2.67867 3.51253
1.11206 2.66124 3.53222
1.15816 2.67159 3.51253
1.08509 2.75147 3.50516
1.12314 2.76033 3.52179
1.1612 2.73634 3.50516
1.16777 2.47959 2.99016
1.09998 2.52234 3.01979
1.03218 2.50654 2.99016
1.16237 2.36423 3.00329
0.998074 2.37684 3.00329
1.08022 2.34579 3.03837
****
1.22466 -0.207266 -0.338951
1.19158 1.79441 -0.284632
1.35639 -0.207266 -0.158698
1.29459 1.81612 -0.143679
1.32208 -0.207266 0.061909
1.26776 1.79273 0.02883
1.14183 -0.207266 0.193642
1.12681 1.94792 0.131842
0.921221 -0.207266 0.159333
0.9543 1.82726 0.105014
0.789488 -0.207266 -0.02092
0.851288 1.83452 -0.035939
0.823797 -0.207266 -0.241527
0.878117 1.76757 -0.208448
1.00405 -0.207266 -0.37326
1.00846 1.81227 -0.286784
1.49468 3.30374 0.108323
1.51547 3.29154 0.138173
1.50881 3.28648 0.175617
1.4786 3.29154 0.198722
1.44254 3.30374 0.193953
1.42175 3.31594 0.164103
1.42841 3.32099 0.126659
1.45862 3.31594 0.103554
1.23487 2.44076 -0.127588
1.153 2.54691 -0.1375
1.08359 2.5596 -0.083324
1.06731 2.54691 0.003207
1.1137 2.5163 0.071402
1.19557 2.48568 0.081314
1.26498 2.39746 0.027137
1.28126 2.49952 -0.059393
1.19158 0.1194 -0.284632
1.29459 0.1194 -0.143679
1.26776 0.1194 0.02883
1.12681 0.1194 0.131842
0.9543 0.1194 0.105014
0.851288 0.1194 -0.035939
0.878117 0.1194 -0.208448
1.01907 0.1194 -0.31146
1.21323 2.15452 -0.20611
1.06337 2.13611 -0.194513
0.980853 2.20942 -0.145886
0.9593 2.15734 -0.016366
1.034 2.11267 0.088208
1.16119 2.13921 0.106578
1.26637 2.13287 0.027984
1.28793 2.08108 -0.101536
-0.20965 2.6384 -0.863243
-0.205654 2.63217 -0.888939
-0.184659 2.6384 -0.904282
-0.174685 2.69457 -0.891326
-0.190351 2.70555 -0.87962
-0.193562 2.69457 -0.860328
0.343425 2.35523 -0.462367
0.355807 2.39756 -0.536773
0.41623 2.35523 -0.581923
0.281375 2.1386 -0.473611
0.377761 2.1386 -0.631891
0.296787 2.11456 -0.572713
1.19158 1.55935 -0.284632
1.29459 1.56111 -0.143679
1.26776 1.56073 0.02883
1.12681 1.44626 0.131842
0.9543 1.47166 0.105014
0.851288 1.42138 -0.035939
0.878117 1.42491 -0.208448
1.01907 1.52585 -0.31146
1.34341 2.49626 0.981604
1.30165 2.48456 1.00745
1.29445 2.43751 1.0243
1.39436 2.47634 1.01263
1.38086 2.45359 1.05569
1.34539 2.41759 1.05533
1.11793 1.86484 0.542358
1.23085 1.82264 0.559919
1.32311 1.86484 0.492492
1.11793 2.01645 0.542358
1.32311 2.01645 0.492492
1.23085 2.13405 0.559919
2.05535 2.89721 -0.237986
2.06381 2.881 -0.218654
2.06066 2.90223 -0.223212
2.06768 2.85266 -0.276808
2.07966 2.83449 -0.244164
2.0839 2.83816 -0.266444
1.68195 2.25051 -0.176577
1.63526 2.29641 -0.241941
1.66848 2.28288 -0.095621
1.64879 2.52254 -0.192861
1.67778 2.54649 -0.150236
1.66761 2.49548 -0.09615
0.181775 2.4957 -0.64602
0.227936 2.46336 -0.680514
0.198547 2.29786 -0.718688
0.136685 2.2795 -0.673478
0.172315 2.46336 -0.589176
0.124911 2.29786 -0.597767
0.490845 2.2907 -0.351733
0.415283 2.03692 -0.365426
0.544273 2.34225 -0.418989
0.572841 2.29081 -0.488514
0.529539 2.03681 -0.550919
0.434051 2.00765 -0.486109
0.309393 2.92099 -0.171873
0.306426 2.93982 -0.179941
0.32214 2.94383 -0.192806
0.350746 2.90679 -0.155365
0.356311 2.92972 -0.159601
0.365033 2.93283 -0.179336
0.535257 2.55471 -0.269677
0.549533 2.61354 -0.280544
0.571909 2.62151 -0.331173
0.429164 2.59115 -0.312028
0.421551 2.63947 -0.332727
0.461868 2.64975 -0.365732
1.25908 0.83925 -0.135049
1.23655 0.83925 0.009824
1.11818 0.812176 0.096333
0.973306 0.83925 0.073803
0.886797 0.83925 -0.044569
0.909328 0.824115 -0.189442
1.0277 0.83925 -0.275951
1.17257 0.83925 -0.253421
1.24244 2.60086 -0.047813
1.4499 2.82242 0.314495
0.952398 2.99192 0.305366
0.944992 2.9979 -0.239436
1.40938 2.90137 -0.428947
1.74529 2.94198 -0.037168
1.30663 3.34243 0.465452
0.885606 3.44404 0.04238
1.09158 3.45212 -0.446174
1.58583 3.45212 -0.328978
1.78964 3.32581 0.278141
1.31627 3.71109 0.007274
1.02678 2.7197 0.185383
1.32231 2.63422 0.12335
1.17843 2.86029 0.449271
1.61352 2.70998 0.061906
1.53048 2.63833 -0.052858
1.04821 2.64592 -0.203865
0.876494 2.95091 0.035485
1.34496 2.60876 -0.262037
1.15124 2.86422 -0.413428
1.62538 2.87947 -0.278351
1.70951 3.08591 0.41602
1.7958 3.1831 0.135326
1.06607 3.22683 0.420181
1.4406 3.12942 0.527403
0.84621 3.22799 -0.104188
0.870467 3.22799 0.193397
1.22933 3.23229 -0.520045
1.00023 3.22817 -0.360385
1.76081 3.22817 -0.180036
1.51984 3.23229 -0.451157
1.65259 3.28063 0.463417
1.00527 3.48118 0.275138
0.964015 3.48215 -0.207653
1.30491 3.4967 -0.492365
1.7277 3.47859 -0.025788
1.32508 3.56316 0.281368
1.60847 3.55399 0.170968
1.06313 3.63894 0.02791
1.16993 3.64566 -0.27266
1.46045 3.64566 -0.203774
1.27743 1.93759 0.38673
1.58113 2.01439 0.936591
1.13275 2.27482 1.019
1.26724 2.66951 0.668242
1.75194 2.61964 0.515066
1.97739 2.27775 0.8317
1.46041 2.30102 1.37472
1.13587 2.66146 1.22375
1.41223 2.87896 0.9196
1.89117 2.74252 0.956186
1.95882 2.30549 1.21444
1.60109 2.68529 1.32262
1.14193 2.07331 0.695454
1.36261 1.8854 0.566691
1.29862 2.02707 1.03436
1.78085 2.06328 0.694646
1.65521 2.02475 0.508514
1.21386 2.23906 0.35809
1.12537 2.46086 0.805435
1.50243 2.16765 0.314175
1.49614 2.65255 0.473318
1.91805 2.44096 0.616535
1.82199 2.0784 1.14986
1.99983 2.29825 1.07104
1.23703 2.31529 1.28125
1.54383 2.0933 1.24858
1.16067 2.74588 0.921434
1.10696 2.52708 1.11736
1.56115 2.79421 0.712169
1.36682 2.87252 0.770961
2.05396 2.55765 0.891725
1.84812 2.72018 0.774489
1.76721 2.1954 1.28569
1.20344 2.50364 1.40126
1.28855 2.86233 1.0878
1.58264 2.78262 0.958646
2.0023 2.61453 1.1036
1.53631 2.47969 1.39446
1.84842 2.54064 1.25268
1.29685 2.63333 1.36209
1.48655 2.85469 1.14624
1.77827 2.80621 1.12424
1.76721 2.1954 1.28569
2.26251 2.44765 -0.02482
2.1245 2.86843 -0.096614
1.82066 2.60259 -0.136522
2.03324 2.38075 -0.431003
2.36118 2.57599 -0.550951
2.32855 2.9574 -0.417343
1.75289 2.94361 -0.30075
1.63552 2.58505 -0.427049
1.91525 2.51229 -0.648591
2.13892 2.82455 -0.722253
2.08295 3.12522 -0.462735
1.78954 2.86931 -0.613043
2.03222 2.47879 -0.011722
2.21955 2.59218 0.004626
1.92938 2.7707 -0.019578
2.358 2.83613 -0.177442
2.40753 2.66487 -0.1108
2.22937 2.30652 -0.15555
1.91708 2.4372 -0.246613
2.41142 2.45276 -0.182941
2.26156 2.41106 -0.481807
2.40562 2.76944 -0.492406
2.09408 3.09456 -0.251509
2.19041 3.07918 -0.45971
1.7028 2.77651 -0.225475
1.90149 2.99216 -0.174027
1.81742 2.42386 -0.468872
1.70791 2.56097 -0.314289
2.12443 2.51632 -0.623415
1.98531 2.41817 -0.615777
2.2836 2.93743 -0.644165
2.23268 2.72063 -0.676365
1.96737 3.09467 -0.325688
1.58432 2.75726 -0.355407
1.75778 2.53472 -0.608462
1.98659 2.65132 -0.643674
2.12168 2.9954 -0.683941
1.74813 2.93597 -0.453309
1.97076 3.01097 -0.5918
1.63132 2.74573 -0.474864
1.81621 2.66934 -0.676602
1.97386 2.82692 -0.741868
0.187923 2.45232 -0.435623
-0.059358 2.84392 -0.359327
-0.385722 2.4403 -0.255148
-0.18333 2.15392 -0.672191
0.141711 2.4367 -0.946561
0.079296 2.92844 -0.797341
-0.614398 2.86888 -0.450071
-0.690659 2.30761 -0.663452
-0.434424 2.23121 -1.1211
-0.29751 2.71006 -1.22184
-0.342984 3.17907 -0.784379
-0.671889 2.68603 -0.973988
-0.081693 2.4056 -0.235286
0.122923 2.61258 -0.352682
-0.246947 2.68855 -0.164378
0.189448 2.83743 -0.551466
0.263713 2.69852 -0.569918
0.138783 2.21334 -0.50332
-0.274707 2.23149 -0.411203
0.301449 2.4297 -0.643144
0.072566 2.22125 -0.815947
0.181323 2.69434 -0.903375
-0.213828 3.15074 -0.538397
-0.165739 3.09187 -0.820897
-0.587243 2.62665 -0.332272
-0.40106 2.98622 -0.357308
-0.466522 2.1703 -0.649241
-0.572432 2.34427 -0.430923
-0.169323 2.28083 -1.11742
-0.311389 2.16863 -0.904759
-0.102203 2.90558 -1.06019
-0.089421 2.56232 -1.17679
-0.422977 3.15262 -0.57214
-0.768926 2.53387 -0.55093
-0.598619 2.25014 -0.904887
-0.376166 2.39388 -1.26172
-0.38587 2.99003 -1.05852
-0.692119 2.81724 -0.70319
-0.548898 2.99954 -0.895268
-0.745134 2.47434 -0.832559
-0.607246 2.41119 -1.11034
-0.515795 2.69217 -1.16655
1.1063 2.3329 -0.167202
0.507265 2.51335 -0.225798
0.59231 2.75328 0.064315
0.129048 2.70224 0.047987
0.243324 2.72784 -0.35453
0.695997 2.59524 -0.515821
0.902623 2.60548 -0.25063
0.378641 3.09034 0.187148
0.042175 2.95342 -0.267118
0.424885 2.99561 -0.589839
0.743189 3.02616 -0.430899
0.739244 3.07474 -0.041472
0.460156 3.27391 -0.169862
0.298703 2.59549 -0.084182
0.563902 2.58426 -0.055215
0.369977 2.70982 0.086536
0.765392 2.67715 -0.070089
0.763345 2.47601 -0.240179
0.313383 2.57945 -0.293552
0.065212 2.66187 -0.155909
0.643619 2.47092 -0.394618
0.510849 2.63384 -0.46905
0.859404 2.52342 -0.419703
0.699896 2.91535 0.055456
0.852124 2.86215 -0.144585
0.206362 2.87432 0.140831
0.489442 2.91562 0.160682
0.09705 2.82141 -0.346863
-0.009783 2.81585 -0.03768
0.580549 2.81759 -0.566291
0.350149 2.84892 -0.530788
0.903683 2.77535 -0.36072
0.773562 2.77448 -0.519309
0.583835 3.12298 0.13531
0.134385 3.04198 0.043662
0.263191 3.0057 -0.492369
0.575163 3.04018 -0.549919
0.787343 3.07701 -0.236625
0.401337 3.23186 0.074906
0.626563 3.23683 -0.046192
0.237326 3.15354 -0.263039
0.39746 3.15024 -0.499492
0.604631 3.20574 -0.344792
1.19158 1.74545 -0.284632
1.29459 1.76243 -0.143679
1.26776 1.7439 0.02883
0.9543 1.75313 0.105014
0.851288 1.81149 -0.035939
0.878117 1.69276 -0.208448
1.01069 1.75545 -0.291979
1.35414 2.49207 0.988136
1.31832 2.47804 1.0176
1.30517 2.43332 1.03083
1.11793 1.98453 0.542358
1.32311 1.98453 0.492492
0.022935 1.899 0.396623
-0.008004 1.88852 0.382069
-0.0153 1.86908 0.354674
0.043735 1.93735 0.362468
0.020823 1.94167 0.334731
0.004493 1.90557 0.322172
0.538019 1.75509 0.183481
0.476183 1.65853 0.127417
0.536813 1.74701 0.298748
0.330696 1.60543 0.175207
0.326128 1.67776 0.253084
0.383929 1.69121 0.348969
0.24208 2.02415 -0.073258
0.424047 1.70999 0.057695
0.182828 1.59094 -0.323258
-0.074042 1.84964 -0.116302
0.091026 2.20254 0.194697
0.400848 2.11326 0.290425
0.283773 1.31671 0.060004
-0.194927 1.56257 -0.160693
-0.253448 1.85837 0.24115
0.027174 1.85668 0.46197
0.306288 1.59128 0.386571
-0.012168 1.42226 0.32283
0.210108 1.80675 -0.221626
0.377706 1.89274 -0.032386
0.338106 1.64896 -0.144059
0.440488 1.9061 0.180517
0.38092 2.1513 0.104885
0.063133 1.94661 -0.165538
0.0069 1.71718 -0.343084
0.200503 2.20288 0.05011
0.014385 2.08083 0.063282
0.277521 2.25668 0.252901
0.416641 1.636 0.23767
0.363436 1.84656 0.374979
0.233684 1.43913 -0.186966
0.385035 1.49873 0.049202
-0.179606 1.72488 -0.175486
0.0025 1.50912 -0.340781
-0.08874 2.02946 0.249845
-0.195544 1.90346 0.082387
0.256246 2.05497 0.419533
0.065595 2.1022 0.360343
0.341738 1.39685 0.249938
0.060845 1.34873 -0.118505
-0.268517 1.73597 0.097841
-0.158672 1.85631 0.37221
0.181482 1.72145 0.475353
0.159194 1.288 0.189608
0.184628 1.43607 0.396598
-0.159346 1.48468 0.105421
-0.2541 1.68323 0.28753
-0.044895 1.62617 0.438892
1.61919 2.26491 -0.933431
1.64196 2.26971 -0.902282
1.57873 2.26886 -0.933907
1.62398 2.34449 -0.916078
1.59086 2.34043 -0.913516
1.64049 2.32827 -0.892969
1.39036 2.11572 -0.512283
1.43997 2.06695 -0.44284
1.29085 2.1035 -0.504582
1.44439 1.891 -0.470825
1.25439 1.88844 -0.565855
1.37599 1.87659 -0.564426
1.08163 2.30974 -0.827457
1.37356 2.27326 -1.16613
1.53947 2.16179 -0.813099
1.44651 2.53638 -0.633755
1.31912 2.80005 -0.906331
1.40926 2.64761 -1.27106
1.79593 2.24533 -1.08714
1.82762 2.31096 -0.696017
1.69661 2.65067 -0.688109
1.66806 2.81325 -1.04267
1.6837 2.5465 -1.34182
1.90156 2.53346 -0.986091
1.26633 2.1751 -0.783497
1.15064 2.25374 -0.95276
1.45288 2.11052 -1.02198
1.2207 2.46703 -1.20062
1.08788 2.44667 -1.06582
1.12544 2.41109 -0.666468
1.46265 2.31555 -0.67444
1.04782 2.52208 -0.858652
1.30416 2.69836 -0.729295
1.32175 2.76278 -1.10988
1.55584 2.37529 -1.34617
1.58182 2.60342 -1.33413
1.73823 2.16476 -0.925044
1.63133 2.21377 -1.19854
1.6502 2.45186 -0.598604
1.70458 2.25513 -0.712744
1.5211 2.7397 -0.763426
1.59199 2.66535 -0.62743
1.55395 2.81708 -1.20617
1.53472 2.82996 -0.982361
1.6933 2.37111 -1.29473
1.8911 2.21327 -0.850408
1.8073 2.53214 -0.663455
1.68669 2.67618 -0.842035
1.72155 2.76181 -1.2022
1.8753 2.37245 -1.05721
1.79802 2.6031 -1.1805
1.91154 2.33994 -0.838282
1.84347 2.61295 -0.798889
1.80837 2.74246 -0.988465
1.03007 2.37716 -0.115917
1.01104 2.34396 -0.00699
1.07218 2.36668 0.080157
1.17766 2.30518 0.094476
1.26571 2.25961 0.027578
1.2236 2.29164 -0.168496
2.07207 2.85677 -0.231944
2.07277 2.86885 -0.245735
2.06177 2.874 -0.258211
1.64174 2.40473 -0.21843
1.66806 2.38472 -0.095875
0.545527 2.53645 0.924118
0.574668 2.51903 0.964913
0.624286 2.52938 0.972079
0.565711 2.60925 0.927776
0.589561 2.61812 0.961772
0.630711 2.59412 0.967358
0.904187 2.33737 0.530917
0.830869 2.38013 0.520965
0.788376 2.36433 0.460393
0.892739 2.22202 0.539329
0.752414 2.23462 0.453876
0.804333 2.20357 0.52656
0.937738 2.38508 0.925282
0.599474 2.38426 0.739435
0.819998 2.78288 0.639666
0.894046 2.72455 1.04814
0.897065 2.27353 1.26046
0.720912 2.06856 1.06024
0.344945 2.70836 0.672167
0.743357 2.99357 0.985597
0.676677 2.69283 1.38247
0.478304 2.4045 1.3116
0.303998 2.39536 0.960088
0.279001 2.74206 1.07505
0.895047 2.596 0.770387
0.797 2.34916 0.79786
0.711357 2.56506 0.658148
0.647584 2.20732 0.881542
0.880501 2.13921 0.984022
0.975423 2.59379 0.964922
0.948463 2.84095 0.805203
0.982114 2.25839 1.10099
0.915937 2.45307 1.1872
0.865814 2.08755 1.18606
0.422869 2.3558 0.816374
0.481413 2.2129 1.02173
0.610964 2.77733 0.617695
0.46408 2.53716 0.67225
0.864534 2.89536 1.03527
0.802502 2.9633 0.7213
0.764941 2.47545 1.34461
0.810645 2.6938 1.27003
0.611634 2.14824 1.21086
0.714859 2.27894 1.33063
0.258901 2.54103 0.774405
0.526087 2.92099 0.739721
0.694099 2.83491 1.25895
0.569049 2.57234 1.39028
0.35135 2.36943 1.15371
0.252913 2.75677 0.821591
0.207174 2.56561 0.98524
0.497148 2.90084 1.08011
0.522197 2.77483 1.33518
0.344711 2.59775 1.25106
****
1.91472 -0.064098 3.28869
2.13152 -0.075725 3.42734
1.83619 -0.07324 3.49776
1.58237 -0.085494 3.22865
1.8181 -0.07166 3.05059
2.11519 -0.072633 3.12099
1.9673 0.056898 3.4366
1.64882 0.106443 3.32246
1.65627 0.116588 3.10334
1.9479 0.134928 3.05287
2.12978 0.111655 3.20728
1.90664 0.140534 3.2797
1.86587 -0.064231 3.43369
2.04315 -0.063952 3.38102
1.99119 -0.071234 3.51929
2.16967 -0.073338 3.2742
2.0418 -0.064098 3.19635
1.75555 -0.064135 3.28417
1.66146 -0.069818 3.37278
1.86597 -0.064211 3.13953
1.67346 -0.081037 3.11996
1.9795 -0.071517 3.06272
2.17724 -0.008616 3.3161
2.15943 -0.000604 3.14738
1.90533 -0.019193 3.50741
2.08887 -0.005136 3.47945
1.57115 -0.001464 3.29855
1.68983 0.0027 3.40197
1.6875 0.001578 3.05245
1.56393 -0.016805 3.15309
2.07414 0.021317 3.05668
1.86938 0.004333 3.02293
2.08129 0.093656 3.32553
1.75174 0.087048 3.34685
1.64863 0.132299 3.21461
1.77332 0.147835 3.03995
2.06413 0.148447 3.09974
1.93132 0.138675 3.3584
2.01276 0.157246 3.24291
1.7586 0.150145 3.27595
1.76223 0.17887 3.18671
1.89977 0.198882 3.15492
****
